10 1447
15 4621
20 10010
25 19507
30 35187
35 63283
40 94724
45 134155
50 200387
55 276443
60 354021
65 458050
70 569610
75 723630
80 887921
85 1074645
90 1283260
95 1516826
100 1784387
105 2081898
110 2388420
115 2738606
120 3130263
125 3554044
130 4040433
135 4513772
140 5054472
145 5623393
150 6261848
155 6916374
160 7765373
165 8484711
170 9308150
175 10174404
180 11023704
185 12270631
190 13274793
195 14366909
200 15407418
205 16871932
210 18007435
215 19504608
220 20678645
225 22411097
230 23792317
235 25479497
240 27247062
245 28911968
250 30596274
255 32772968
260 34387082
265 36811357
270 38715444
275 41159863
280 42933211
285 45867176
290 48049693
295 50849516
300 53036348
305 56223641
310 58790726
315 62120757
320 65707197
325 68179747
330 71047450
335 74641007
340 77429613
345 81651592
350 84911844
355 89035895
360 91980647
365 96820723
370 100423102
375 105009879
380 108533179
385 113728801
390 117902161
395 122905575
400 128286137
405 132407073
410 137104731
415 142591492
420 146857755
425 153381110
430 158206592
435 164444849
440 168747102
445 176106931
450 181587356
455 188475509
460 194350357
465 201350262
470 207422321
475 214820379
480 223993320
485 228299211
490 235476337
495 243972397
500 249736835
